1.3860012292861938
1.6678552627563477
0.7520934343338013
0.4455188512802124
0.29580679535865784
0.24294865131378174
0.19496801495552063
0.2112160325050354
0.15059006214141846
0.15899629890918732
0.15027832984924316
0.17865796387195587
0.25018003582954407
0.15412750840187073
0.15779423713684082
0.17714565992355347
0.1693044900894165
0.1602000743150711
0.20952583849430084
0.28382840752601624
0.24368251860141754
0.25265300273895264
0.1895129382610321
0.17581291496753693
0.2599938213825226
0.28269049525260925
0.27526894211769104
0.21504278481006622
0.2187318205833435
0.26414480805397034
0.23526839911937714
0.21635772287845612
0.17101356387138367
0.17792776226997375
0.14012108743190765
0.15536774694919586
0.2004091888666153
0.1902495175600052
0.17046990990638733
0.27074483036994934
0.25502389669418335
0.2555912733078003
0.19194304943084717
0.181850865483284
0.1325753927230835
0.17045970261096954
0.15809620916843414
0.17282234132289886
0.22375115752220154
0.18619051575660706
0.3030525743961334
0.27033185958862305
0.22696883976459503
0.1627785861492157
0.24248655140399933
0.22804704308509827
0.2448638528585434
0.19408023357391357
0.16522109508514404
0.17818213999271393
0.1547573059797287
0.18580584228038788
0.13280059397220612
0.2028895616531372
0.21842199563980103
0.19861000776290894
0.21450892090797424
0.16958783566951752
0.2311854362487793
0.21169009804725647
0.21211092174053192
0.20443956553936005
0.15968787670135498
0.16702072322368622
0.19678768515586853
0.20713190734386444
0.13529735803604126
0.14849981665611267
0.14886167645454407
0.19222062826156616
0.14782942831516266
0.22199128568172455
0.20605021715164185
0.19343020021915436
0.24741460382938385
0.2671792507171631
0.11159905791282654
0.12348280847072601
0.2178754061460495
0.20058315992355347
0.17399996519088745
0.27166303992271423
0.22515268623828888
0.14042118191719055
0.19885078072547913
0.2095690369606018
0.1593155562877655
0.17689144611358643
0.13719263672828674
0.1478617787361145
0.19820785522460938
0.22368104755878448
0.2409714311361313
0.2680012881755829
0.22326481342315674
0.14915300905704498
0.21643657982349396
0.18254102766513824
0.21009701490402222
0.18565258383750916
0.1643277406692505
0.18956531584262848
0.1543639600276947
0.1414141058921814
0.1537332385778427
0.1929144412279129
0.19607113301753998
0.1980520784854889
0.18013925850391388
0.12254659831523895
0.1751752346754074
0.21251842379570007
0.23855215311050415
0.23322856426239014
0.22883474826812744
0.1989426165819168
0.18436308205127716
0.18052873015403748
0.2081073820590973
0.21887832880020142
0.2449508160352707
0.13030077517032623
0.17610371112823486
0.21610532701015472
0.208994522690773
0.1775004267692566
0.14696088433265686
0.1852514147758484
0.25525015592575073
0.3376506567001343
0.2878528833389282
0.17466694116592407
0.14633052051067352
0.15199892222881317
0.1770382672548294
0.18711476027965546
0.19647258520126343
0.156542107462883
0.13554638624191284
0.2019261121749878
0.1894594132900238
0.2918652594089508
0.2170548439025879
0.18501263856887817
0.17619119584560394
0.18959631025791168
0.22933346033096313
0.17126241326332092
0.14723941683769226
0.14539971947669983
0.18895280361175537
0.215690016746521
0.19010286033153534
0.193861186504364
0.19483421742916107
0.25439926981925964
0.2024417519569397
0.15893928706645966
0.13992148637771606
0.1592123955488205
0.17858806252479553
0.15841342508792877
0.1863354742527008
0.1594991832971573
0.21815435588359833
0.20306171476840973
0.2266712635755539
0.14641880989074707
0.12871749699115753
0.15897507965564728
0.21053503453731537
0.2245262861251831
0.18113070726394653
0.11939069628715515
0.14956693351268768
0.1831130087375641
0.22474396228790283
0.13761892914772034
0.1813327968120575
0.26324760913848877
0.16449697315692902
0.1618051677942276
0.19121038913726807
0.1284617930650711
0.13598750531673431
0.08631432801485062
0.2080366462469101
0.1471104472875595
0.1886008381843567
0.2166706621646881
0.1912294328212738
0.20033544301986694
0.15800458192825317
0.14866846799850464
0.18662916123867035
0.1968456506729126
0.1737135946750641
0.20965194702148438
0.1636577546596527
0.17527547478675842
0.17515769600868225
0.19197626411914825
0.22361017763614655
0.1864168345928192
0.20905663073062897
0.13718920946121216
0.14853213727474213
0.20591796934604645
0.1516961306333542
0.14934785664081573
0.18215049803256989
0.16213741898536682
0.16710728406906128
0.17929184436798096
0.24027293920516968
0.17650146782398224
0.18234458565711975
0.1603187918663025
0.17722783982753754
0.19195595383644104
0.15778131783008575
0.21189354360103607
0.19688211381435394
0.1515595018863678
0.14103448390960693
0.1280621588230133
0.16286498308181763
0.20042304694652557
0.2642575800418854
0.18074186146259308
0.17860649526119232
0.20339344441890717
0.19726867973804474
0.13270753622055054
0.1279694139957428
0.17190055549144745
0.18897296488285065
0.20789310336112976
0.21218009293079376
0.18727654218673706
0.1808205395936966
0.2097785770893097
0.1571594625711441
0.14317460358142853
0.16146568953990936
0.18962174654006958
0.22686773538589478
0.20953108370304108
0.16097486019134521
0.13800306618213654
0.16076801717281342
0.17185701429843903
0.1323508620262146
0.21181373298168182
0.2546396851539612
0.1389504224061966
0.17128649353981018
0.2168624997138977
0.23021236062049866
0.14154905080795288
0.09341828525066376
0.2212759256362915
0.2153485268354416
0.14740917086601257
0.18854598701000214
0.15344767272472382
0.16937580704689026
0.18765757977962494
0.16039754450321198
0.1981576383113861
0.14620672166347504
0.16393612325191498
0.2006717175245285
0.179229736328125
0.2034948170185089
0.2105730175971985
0.1867333948612213
0.16925357282161713
0.16225849092006683
0.17853271961212158
0.15735764801502228
0.16689370572566986
0.21154724061489105
0.18405279517173767
0.17452533543109894
0.11485545337200165
0.18489107489585876
0.16031305491924286
0.14839106798171997
0.16952155530452728
0.168555349111557
0.17789438366889954
0.1994161754846573
0.18320785462856293
0.19796384871006012
0.1937887966632843
0.18106026947498322
0.16546356678009033
0.20537669956684113
0.15555039048194885
0.15904489159584045
0.20585733652114868
0.181385338306427
0.19088402390480042
0.1586930900812149
0.13438348472118378
0.14984306693077087
0.16428600251674652
0.15478578209877014
0.1851283609867096
0.15070194005966187
0.2106652408838272
0.24740085005760193
0.18369366228580475
0.16672639548778534
0.1504492312669754
0.1532323956489563
0.21679596602916718
0.2746904492378235
0.16131743788719177
0.2158360481262207
0.15159176290035248
0.18732695281505585
0.1761610209941864
0.1509532928466797
0.16374044120311737
0.12562300264835358
0.18824507296085358
0.20725667476654053
0.2143065631389618
0.19950221478939056
0.1764880120754242
0.1390407234430313
0.18930014967918396
0.2079123705625534
0.16710573434829712
0.14659591019153595
0.1957857459783554
0.17885692417621613
0.19770973920822144
0.21979081630706787
0.20562328398227692
0.1459125131368637
0.1542963832616806
0.1366419643163681
0.11108186095952988
0.18214593827724457
0.17873768508434296
0.23175273835659027
0.10442640632390976
0.18054147064685822
0.1917199194431305
0.2129632532596588
0.27817630767822266
0.13798491656780243
0.18907949328422546
0.12291503697633743
0.18861626088619232
0.18724675476551056
0.12470486760139465
0.13744843006134033
0.15111593902111053
0.18403950333595276
0.13634829223155975
0.1915188580751419
0.15264327824115753
0.18602342903614044
0.18610401451587677
0.16104616224765778
0.14082443714141846
0.21070560812950134
0.22621315717697144
0.1978173404932022
0.17457015812397003
0.17321744561195374
0.14540761709213257
0.16646918654441833
0.2032037228345871
0.19141218066215515
0.16025295853614807
0.21338480710983276
0.16560402512550354
0.24271619319915771
0.1417548656463623
0.18099255859851837
0.16568118333816528
0.19239267706871033
0.1792159527540207
0.2569654881954193
0.16667591035366058
0.1348673552274704
0.13552182912826538
0.22457464039325714
0.21844078600406647
0.1365571916103363
0.129314124584198
0.16628515720367432
0.21422381699085236
0.2351735681295395
0.223035529255867
0.1650373339653015
0.18391063809394836
0.218938946723938
0.20497289299964905
0.16956566274166107
0.2065264880657196
0.19438894093036652
0.15934360027313232
0.16788597404956818
0.13000762462615967
0.14267398416996002
0.1637270748615265
0.1444770246744156
0.18982228636741638
0.23179402947425842
0.12560078501701355
0.18498851358890533
0.14266563951969147
0.1603987067937851
0.1965465396642685
0.2249276489019394
0.19269706308841705
0.26948803663253784
0.1463817059993744
0.20931801199913025
0.21179062128067017
0.1414434164762497
0.16886793076992035
0.19467853009700775
0.12203250825405121
0.24187833070755005
0.20307645201683044
0.19560271501541138
0.15073513984680176
0.203030526638031
0.2347070723772049
0.16276714205741882
0.2243853360414505
0.15175089240074158
0.15058036148548126
0.16014595329761505
0.15240353345870972
0.1395426243543625
0.15122593939304352
0.15524910390377045
0.18709591031074524
0.153091162443161
0.17541088163852692
0.15103362500667572
0.21273885667324066
0.21106106042861938
0.1666214019060135
0.15389300882816315
0.15672937035560608
0.2087385505437851
0.1852770447731018
0.16978639364242554
0.07737250626087189
0.14121785759925842
0.19678829610347748
0.16615062952041626
0.161829873919487
0.18572983145713806
0.20322102308273315
0.3181942105293274
0.22040492296218872
0.16015690565109253
0.1622508466243744
0.1820240616798401
0.14878255128860474
0.14896073937416077
0.1347624808549881
0.1557508260011673
0.18099702894687653
0.22143425047397614
0.1601782739162445
0.18634405732154846
0.23140054941177368
0.20350883901119232
0.10728686302900314
0.18117065727710724
0.16769929230213165
0.13626264035701752
0.12577225267887115
0.17814868688583374
0.1864803284406662
0.21008069813251495
0.18414483964443207
0.1339769810438156
0.20116187632083893
0.16057874262332916
0.19220571219921112
0.19654430449008942
0.2158011496067047
0.2273779809474945
0.11255290359258652
0.2323712557554245
0.19181782007217407
0.17568212747573853
0.20491205155849457
0.1913069784641266
0.15213578939437866
0.14750027656555176
0.13973338901996613
0.2184506356716156
0.21096593141555786
0.11972328275442123
0.2615467309951782
0.14964067935943604
0.18728193640708923
0.16818684339523315
0.1464335024356842
0.1396724283695221
0.14514844119548798
0.17649537324905396
0.1790616661310196
0.1625734567642212
0.19187511503696442
0.15733738243579865
0.15273423492908478
0.23954355716705322
0.14908809959888458
0.15523336827754974
0.19464750587940216
0.20556853711605072
0.12076351791620255
0.1836666315793991
0.1779612898826599
0.15651457011699677
0.16847063601016998
0.15833532810211182
0.11861344426870346
0.15742380917072296
0.15650871396064758
0.18723377585411072
0.2381436675786972
0.12366847693920135
0.11006372421979904
0.13995212316513062
0.21803462505340576
0.2136876881122589
0.20644663274288177
0.16983257234096527
0.18095417320728302
0.2003224939107895
0.19919653236865997
0.17926223576068878
0.23481108248233795
0.1930568814277649
0.1817312091588974
0.18020370602607727
0.20083032548427582
0.1982296109199524
0.17203712463378906
0.14114537835121155
0.13586732745170593
0.15364474058151245
0.1568652093410492
0.18295687437057495
0.15723051130771637
0.15385857224464417
0.23183098435401917
0.21256956458091736
0.1773248314857483
0.20972178876399994
0.1673007756471634
0.16765722632408142
0.22535786032676697
0.20372873544692993
0.18020227551460266
0.17131054401397705
0.21842798590660095
0.1631588488817215
0.14393121004104614
0.13072042167186737
0.14987999200820923
0.15567725896835327
0.1974264681339264
0.20059631764888763
0.16899524629116058
0.23204392194747925
0.10826592147350311
0.15571939945220947
0.17099067568778992
0.1606103479862213
0.23049189150333405
0.20322303473949432
0.14755691587924957
0.13458028435707092
0.18660703301429749
0.12889136373996735
0.12725777924060822
0.1821201741695404
0.13948887586593628
0.18392397463321686
0.14387758076190948
0.10823597013950348
0.18707767128944397
0.16651374101638794
0.19280453026294708
0.1775398999452591
0.14007681608200073
0.09316307306289673
0.18920189142227173
0.11596472561359406
0.183863565325737
0.18949905037879944
0.17973659932613373
0.11924239993095398
0.2340068221092224
0.21365688741207123
0.21308274567127228
0.18155252933502197
0.10962297767400742
0.11713355779647827
0.19254447519779205
0.20362716913223267
0.22495771944522858
0.1395399421453476
0.21415472030639648
0.2084738165140152
0.14585605263710022
0.1790401041507721
0.11465177685022354
0.12964655458927155
0.21305790543556213
0.1778126209974289
0.21687434613704681
0.1741449534893036
0.16616638004779816
0.20973823964595795
0.22163377702236176
0.16519732773303986
0.18316686153411865
0.15218038856983185
0.17811855673789978
0.18534521758556366
0.18995630741119385
0.19276267290115356
0.16411904990673065
0.16526268422603607
0.2045925110578537
0.19254463911056519
0.14283491671085358
0.18734663724899292
0.17448356747627258
0.17348717153072357
0.18281951546669006
0.22269099950790405
0.18050998449325562
0.18264374136924744
0.19831891357898712
0.15337054431438446
0.18190628290176392
0.17255890369415283
0.1452295184135437
0.13026900589466095
0.19034771621227264
0.1596584916114807
0.13615089654922485
0.1806202530860901
0.1843237280845642
0.13806003332138062
0.2359529435634613
0.12010546028614044
0.14086797833442688
0.19142146408557892
0.1546732783317566
0.18761885166168213
0.19331100583076477
0.14682593941688538
0.221958726644516
0.1867123544216156
0.15737460553646088
0.17842033505439758
0.2030538022518158
0.1670641452074051
0.17880859971046448
0.18572811782360077
0.18100488185882568
0.18540823459625244
0.12949234247207642
0.1158544272184372
0.15006707608699799
0.16843844950199127
0.10605743527412415
0.13511107861995697
0.13624383509159088
0.16421878337860107
0.14586585760116577
0.1725608855485916
0.2025189995765686
0.19061347842216492
0.1896047443151474
0.18490809202194214
0.17704527080059052
0.1938851922750473
0.1538838893175125
0.19314949214458466
0.17888711392879486
0.18212154507637024
0.1733914017677307
0.20191730558872223
0.1687496304512024
0.16857637465000153
0.20580321550369263
0.20726199448108673
0.15864580869674683
0.16095048189163208
0.1821763813495636
0.15758156776428223
0.09634969383478165
0.19028198719024658
0.22355085611343384
0.15164098143577576
0.1799190193414688
0.18334949016571045
0.17079640924930573
0.16059593856334686
0.20986023545265198
0.11902175098657608
0.16857554018497467
0.1532915085554123
0.16170987486839294
0.15108321607112885
0.20027214288711548
0.20675602555274963
0.18545839190483093
0.24871252477169037
0.2205502837896347
0.22606313228607178
0.13505569100379944
0.20410646498203278
0.1962359994649887
0.25875580310821533
0.2078590989112854
0.21264170110225677
0.12500159442424774
0.1843794584274292
0.16728831827640533
0.16720834374427795
0.16111497581005096
0.18920005857944489
0.17072582244873047
0.19321098923683167
0.1450222283601761
0.13951586186885834
0.21724346280097961
0.1990703046321869
0.19941003620624542
0.15478911995887756
0.15656615793704987
0.16008928418159485
0.19936791062355042
0.20242513716220856
0.19592075049877167
0.1900625079870224
0.14786694943904877
0.1693897396326065
0.17007026076316833
0.2615870535373688
0.17788814008235931
0.13014134764671326
0.18369990587234497
0.15252210199832916
0.11442991346120834
0.1992560625076294
0.25456011295318604
0.18197692930698395
0.1744513064622879
0.13134342432022095
0.16537266969680786
0.13135839998722076
0.17840734124183655
0.18785686790943146
0.14911317825317383
0.15134204924106598
0.153582364320755
0.17285217344760895
0.15642914175987244
0.18436561524868011
0.2010616511106491
0.18039661645889282
0.2319614589214325
0.15616020560264587
0.1348153054714203
0.1854788362979889
0.1947755664587021
0.1906907707452774
0.13796599209308624
0.1687636524438858
0.16477522253990173
0.17236408591270447
0.15428350865840912
0.16904479265213013
0.1818755716085434
0.2309364676475525
0.2201715111732483
0.19340163469314575
0.19945460557937622
0.1356602907180786
0.18742066621780396
0.19258104264736176
0.18483872711658478
0.2306312620639801
0.2103012204170227
0.21680311858654022
0.13918663561344147
0.20459915697574615
0.19688989222049713
0.14380699396133423
0.13130567967891693
0.16715173423290253
0.14594058692455292
0.18610872328281403
0.21014058589935303
0.18593142926692963
0.19904892146587372
0.22933028638362885
0.13342490792274475
0.13366413116455078
0.16736286878585815
0.17671628296375275
0.17614959180355072
0.14202003180980682
0.1542186737060547
0.15881803631782532
0.19138045608997345
0.1347455084323883
0.11742960661649704
0.14628566801548004
0.1561441570520401
0.25042960047721863
0.1764616072177887
0.18373897671699524
0.1799144297838211
0.18993620574474335
0.18171970546245575
0.2672107517719269
0.15936298668384552
0.2143079936504364
0.20539644360542297
0.193812757730484
0.20396505296230316
0.12130756676197052
0.16448718309402466
0.16914060711860657
0.16018322110176086
0.20596161484718323
0.12066101282835007
0.24523045122623444
0.13522212207317352
0.12014195322990417
0.19483056664466858
0.16312995553016663
0.15652988851070404
0.1341027021408081
0.14493785798549652
0.14304141700267792
0.1517404317855835
0.13535654544830322
0.19257484376430511
0.218940868973732
0.1324595808982849
0.21023158729076385
0.1454600989818573
0.13925056159496307
0.23880897462368011
0.15026380121707916
0.16324515640735626
0.1362486183643341
0.1658562421798706
0.16860002279281616
0.1796673834323883
0.17925991117954254
0.1495603770017624
0.20172083377838135
0.12693367898464203
0.1407650113105774
0.14561371505260468
0.19103391468524933
0.21870583295822144
0.17460715770721436
0.18615379929542542
0.18373775482177734
0.21666009724140167
0.2384987324476242
0.1773340255022049
0.18284305930137634
0.20395497977733612
0.14562182128429413
0.19595474004745483
0.1534019559621811
0.1712770313024521
0.16486792266368866
0.1818142533302307
0.1916714906692505
0.1202482059597969
0.17923198640346527
0.14651033282279968
0.1701297163963318
0.2239779531955719
0.17094647884368896
0.13039858639240265
0.17580828070640564
0.1547279804944992
0.1748548150062561
0.15536442399024963
0.1702582687139511
0.11532062292098999
0.16190260648727417
0.16795580089092255
0.16620737314224243
0.16915026307106018
0.18077486753463745
0.1883602887392044
0.11208803951740265
0.15262959897518158
0.1566302329301834
0.14199265837669373
0.11987529695034027
0.20386654138565063
0.15590037405490875
0.18279163539409637
0.18675945699214935
0.20631782710552216
0.20938988029956818
0.1430286169052124
0.1739678978919983
0.16655488312244415
0.1604684591293335
0.16273881494998932
0.2182828187942505
0.18241944909095764
0.21511532366275787
0.155439555644989
0.15045420825481415
0.21494972705841064
0.2123921513557434
0.18039961159229279
0.1978655308485031
0.19009040296077728
0.22132962942123413
0.12375619262456894
0.1590573638677597
0.19915089011192322
0.1336616575717926
0.19017668068408966
0.17290590703487396
0.14652366936206818
0.1336037516593933
0.14340390264987946
0.1737491637468338
0.22170960903167725
0.130462184548378
0.13671934604644775
0.13790826499462128
0.16065235435962677
0.18908287584781647
0.1532217264175415
0.1837974339723587
0.19153164327144623
0.1961573213338852
0.17257928848266602
0.14458133280277252
0.24598650634288788
0.20411846041679382
0.18849554657936096
0.1761566549539566
0.18786628544330597
0.17796291410923004
0.1658802479505539
0.18196971714496613
0.1504574418067932
0.17487403750419617
0.25621435046195984
0.23612278699874878
0.17300549149513245
0.16777095198631287
0.1571018248796463
0.25738051533699036
